193
316
588
596
700
737
805
830
1108
1341
1381
1536
1573
1691
1836
1898
1914
2033
2237
2349
2498
2635
2657
3386
3940
4384
4534
4609
4638
4644
4778
4817
4979
5324
5397
5483
5516
5529
5739
5819
5896
6029
6031
6084
6222
6251
6328
6788
7108
7384
7615
7700
7914
7926
7988
7993
8123
8278
8433
8512
8538
8665
8952
9071
9087
9164
9237
9271
9306
9473
9496
9504
9902
9981
10042
10180
10299
10341
10535
10582
10728
10737
11492
11512
11571
11629
12138
12498
12662
12755
12824
13108
13140
13143
13320
13526
13571
13794
13873
13888
14287
14403
14479
15171
15415
15454
15620
15792
15927
15975
16170
16218
16320
16613
16689
16746
16758
16784
16796
17074
17210
17260
17627
17927
17938
18048
18055
18273
18301
18543
18906
19411
19434
19462
19510
19784
20679
